# 1st line: vertCount boneCount maxInfluences
# Each subsequent line corresponds to a vertex.
# In each line, the first number is the number of bone influences for the vertex.
# The next numbers are "influence" pairs of {bone index, bone weight}.
76 82 1
1 16 1.000000 
1 16 1.000000 
1 16 1.000000 
1 16 1.000000 
1 16 1.000000 
1 16 1.000000 
1 16 1.000000 
1 16 1.000000 
1 16 1.000000 
1 16 1.000000 
1 16 1.000000 
1 16 1.000000 
1 16 1.000000 
1 16 1.000000 
1 16 1.000000 
1 16 1.000000 
1 16 1.000000 
1 16 1.000000 
1 16 1.000000 
1 16 1.000000 
1 16 1.000000 
1 16 1.000000 
1 16 1.000000 
1 16 1.000000 
1 16 1.000000 
1 16 1.000000 
1 16 1.000000 
1 16 1.000000 
1 16 1.000000 
1 16 1.000000 
1 16 1.000000 
1 16 1.000000 
1 16 1.000000 
1 16 1.000000 
1 16 1.000000 
1 16 1.000000 
1 16 1.000000 
1 16 1.000000 
1 16 1.000000 
1 16 1.000000 
1 16 1.000000 
1 16 1.000000 
1 16 1.000000 
1 16 1.000000 
1 16 1.000000 
1 16 1.000000 
1 16 1.000000 
1 16 1.000000 
1 16 1.000000 
1 16 1.000000 
1 16 1.000000 
1 16 1.000000 
1 16 1.000000 
1 16 1.000000 
1 16 1.000000 
1 16 1.000000 
1 16 1.000000 
1 16 1.000000 
1 16 1.000000 
1 16 1.000000 
1 16 1.000000 
1 16 1.000000 
1 16 1.000000 
1 16 1.000000 
1 16 1.000000 
1 16 1.000000 
1 16 1.000000 
1 16 1.000000 
1 16 1.000000 
1 16 1.000000 
1 16 1.000000 
1 16 1.000000 
1 16 1.000000 
1 16 1.000000 
1 16 1.000000 
1 16 1.000000 
