# 1st line: vertCount boneCount maxInfluences
# Each subsequent line corresponds to a vertex.
# In each line, the first number is the number of bone influences for the vertex.
# The next numbers are "influence" pairs of {bone index, bone weight}.
54 82 3
3 14 0.002187 15 0.003790 16 0.994023 
3 14 0.088743 15 0.153715 16 0.757541 
3 14 0.051514 15 0.195831 16 0.752654 
2 15 0.003772 16 0.996228 
3 14 0.003189 15 0.232884 16 0.763926 
1 16 1.000000 
1 16 1.000000 
1 16 1.000000 
1 16 1.000000 
1 16 1.000000 
1 16 1.000000 
1 16 1.000000 
1 16 1.000000 
1 16 1.000000 
2 15 0.193567 16 0.806433 
1 16 1.000000 
1 16 1.000000 
1 16 1.000000 
1 16 1.000000 
1 16 1.000000 
1 16 1.000000 
1 16 1.000000 
1 16 1.000000 
1 16 1.000000 
1 16 1.000000 
1 16 1.000000 
1 16 1.000000 
1 16 1.000000 
1 16 1.000000 
2 15 0.188711 16 0.811289 
2 15 0.003772 16 0.996228 
3 14 0.051514 15 0.195831 16 0.752654 
3 14 0.003189 15 0.232884 16 0.763926 
1 16 1.000000 
1 16 1.000000 
1 16 1.000000 
1 16 1.000000 
1 16 1.000000 
1 16 1.000000 
2 15 0.193567 16 0.806433 
1 16 1.000000 
1 16 1.000000 
1 16 1.000000 
1 16 1.000000 
1 16 1.000000 
1 16 1.000000 
1 16 1.000000 
1 16 1.000000 
1 16 1.000000 
1 16 1.000000 
1 16 1.000000 
1 16 1.000000 
1 16 1.000000 
2 15 0.188711 16 0.811289 
